5160787314103316952319293635160
8088050674262412074537881010662
3063673179451290085872678917968
5377667676989942030405930124184
175296649427179256495945791720
6406049788218743621484623632232
2879401680559786196067010315616
7951708883879295620640351906356
703565402778461662186706539128
5877439911152752270855233999633
963967437010664228461797743135
5143764168171900086533793875773
87140477211322837395447578338
4103179372329254897747443738942
4551867030679076195636466698864
9808676972428191565860293208756
8932649058202225644876046248557
5821790258503454212068491185940
3854445495121843335072742073029
8832234725250636277135859494713
8297558164670117432713737383438
8823786678882421951526531397088
2375795167542822681430765712672
1564966191348908129662279257682
5171813654620162158861434581673
1743012946960867132975777141738
6384109999482013713941647596778
4489148635721850042854752702965
678196712547214493129660707965
6591336274631629253054790175657
2669719505058033212550550087296
2956271740033170446346073848761
2824882263989797916660408620158
7234249044862491457665044061793
7964306480300010156439390236504
4783215753772580711346860867335
4869501700891162336044969793570
7776397538145854317198911642985
5904062170604042894233614353843
272145335301718753471547135220
8322781731887859340589457229458
7871889898949218378903708135593
7845940883352015535004202072385
5051623964497958228325958361129
8603182638292876448131084154803
8249890666552021159190718816722
8638680720453451738292026517355
7755501471296364445599290745853
5956072562435901693302581093665
5297253898176656044982242092871
5377932121410646809609694422248
2209072145685182937987812148481
6182098227323511232334148605495
2549430181743039103761697294050
4081158545678747695447123610176
9421792385433386289705617580682
4359273173254990491697199489322
5223515459832027856020853151141
1891464043129248822774947984621
9841551053691982037412258836711
8949486354686503888461665944747
7703943714559267041735340142856
5246123092122994123342202489730
9669514413206766960662733033320
8348896280318517956748829056930
7802611877286844811295234387561
5602975895749878736148348725279
4783847998772110995172481376016
8425856548511575903031858149671
2093136215414856388066601695154
945278863510814686832010959569
9453116246975427730691786768647
5786946843449992191789162798391
8076470111955852923481654707782
5175227053001024470667333917077
477252271875227654122426499593
359709597187466368163860855751
33133734879317716831571242592
3404002996074257009021158626804
9560269222386875695951416841370
4659651431543978057603110905148
2305376335301854400719018930372
2815761289915827138067760385923
9071976902337842386380068142980
3073802605825572725288671790812
3350113179131885502202792324356
5844884220608942558107639889861
3523833614324092469453644516772
2948082640939141650559872700592
3078044653935763860171137337316
4008178983153870088753717364777
4710718377704482313570252849949
1417331880024971893211618058956
9548345553161259967216483682112
2539681089244678245586586475000
3947584953854313196665382207905
1614406425789805930476127663386
5026496218894475311400468114966
2171366534852309242295266262895
6675082488927751770333619884886
