4091012002086877422276646181434
9998608648397946371874246572555
1312731831117121053971315883092
5863207122628126377152132312007
846094366800549957581848871175
2782200764604302531343346484370
7094986469856883806393829174966
6186148107209343687109568869652
4429710978966427633499536225811
2985609775420962827035978621503
8887810230260683323360295558494
759405196939279988055304806672
6618339772427102375130149573947
5047372696537466159942243363949
9004345801394091211892390924491
5541350707678290299873198585364
5761799906156217465587008019107
3547724335646651206620010490514
9045351536505676389651152564578
545076810157157010302837732814
5809993450632250622420491871415
912530888532147185054408164308
2553623476157926719504466150966
6316357558973008719694865089017
554156678222144054723743637842
2513267902082892426310590443759
2820899329681105187975459621268
1445450397342412882883914230734
6037137153246105197080471812645
782103597046750974173249858668
4182629010326541296356745484442
7037227869753000781681703163033
9925186987543932989074860102701
2662011039641915785687688039357
2690048968537781673200715892617
9445933271556429771761778173823
766570666912455330190997903381
3504147736383404623673355754616
8008294884005580303125709114168
9429312961581502987774430027928
5462087857927991210179269563234
262752042764863694191548409134
4788312699639566573847020583163
1635583366389196494776255377908
5222845686272647383442046321341
5276867564121599469968583652849
4392998141887436550274087914130
9820843592367316071240168892039
428728956471493793225444992272
8889742052489345092769200685830
2461400867476259884939653796078
5083579076571714618224866570453
8800178538483507771976525497022
9867743960425609705224399110510
9244542052815420714668227701594
4795501511873794845046412094751
3936649331396363706385887684033
8895337167072499195239398733445
4320671021090744419337829827804
6175133523005816707761025452414
8205724496150472417806763220533
701694715040410796653193438389
5551636302632553228723055228178
2398474253503058704034075319576
7813665244989202191488875442070
1692943814402492652080906986615
1634507005021532186721458990944
1441221008210350516530523853738
5743749558741529995898097093531
983867007136478374954472932137
6009064709583490311453983854642
8961281282480827048936596009002
2048955691450734630032615278682
8600277292541443370639163808977
4457965619065920070427624913684
9882890279724542045439031998020
4989708150623293820900123099777
5294668272157164067916035188608
9430649821277776414316106996025
4111431394544989463556429654604
181277075692880582704798559787
2434065130305240168008580627481
5071038617543460121692931521591
9522287350878446102761107067029
7753195569328522617182837172596
803872117415514610779475992880
8265832752712552745989789486395
3145634111080764215478325896333
2378368086149532516247852046908
4939115927801545818282343659375
7701397889040352182357088080202
9624354484781203010372429458673
9818586099776849389099037868190
683081455940906731245931579228
8301607730280838773547919325024
849376286675910661194631515579
6136612878223396692502354988728
8546462078334716611059895150687
3707714548643796541225169579391
5293052530929997367887748936448
